REMARK  Neural network 3-state phi/psi distribution prediction for shifts.txt
REMARK    A: Alpha        (-160<Phi<0&-70<psi<60)
REMARK    P: Positive_Phi (0<Phi<160&-60<psi<95) 
REMARK    B: Beta         (all others)

VARS RESID RESNAME CS_CNT CS_CNT_R2 Q_A Q_B Q_P 
FORMAT %4d %1s %2d %2d %7.4f %7.4f %7.4f 

    2 G  8  3  0.4156  0.5088  0.0756 
    3 G 14  5  0.0671  0.0759  0.8570 
    4 R 17  6  0.0389  0.9611  0.0000 
    5 D 18  6  0.1086  0.8700  0.0215 
    6 Y 18  6  0.0346  0.9654  0.0000 
    7 K 17  6  0.2664  0.7179  0.0158 
    8 D 15  5  0.0613  0.9344  0.0043 
    9 D 14  4  0.9132  0.0868  0.0000 
   10 D 15  5  0.9788  0.0173  0.0039 
   11 D 17  6  0.3472  0.5990  0.0539 
   12 K 17  6  0.3228  0.6136  0.0636 
   13 G 17  5  0.0000  0.2350  0.7650 
   14 T 17  6  0.0000  1.0000  0.0000 
   15 M 18  6  0.0101  0.9886  0.0013 
   16 E 18  6  0.0073  0.9917  0.0010 
   17 L 18  6  0.0070  0.9914  0.0016 
   18 E 18  6  0.0082  0.9918  0.0000 
   19 L 18  6  0.0109  0.9871  0.0019 
   20 R 18  6  0.0079  0.9910  0.0012 
   21 F 16  6  0.0067  0.9918  0.0016 
   22 F 12  4  0.0071  0.9915  0.0014 
   23 A 12  2  0.1160  0.8840  0.0000 
   24 T 14  6  0.9961  0.0017  0.0022 
   25 F 18  6  0.9975  0.0009  0.0017 
   26 R 18  6  0.9953  0.0022  0.0024 
   27 E 18  6  0.9968  0.0011  0.0021 
   28 V 18  6  0.9967  0.0008  0.0025 
   29 V 17  6  0.9985  0.0015  0.0000 
   30 G 17  5  0.1851  0.0206  0.7942 
   31 Q 17  6  0.0032  0.9747  0.0221 
   32 K 18  6  0.9552  0.0083  0.0365 
   33 S 18  6  0.0030  0.9938  0.0032 
   34 I 18  6  0.0086  0.9907  0.0007 
   35 Y 18  6  0.0108  0.9887  0.0005 
   36 W 18  6  0.0117  0.9876  0.0006 
   37 R 18  6  0.0119  0.9881  0.0000 
   38 V 18  6  0.0032  0.9968  0.0000 
   39 D 18  6  0.1770  0.7959  0.0271 
   40 D 18  6  0.9746  0.0207  0.0047 
   41 D 18  6  0.9371  0.0482  0.0147 
   42 A 18  6  0.0651  0.8936  0.0412 
   43 T 18  6  0.0000  1.0000  0.0000 
   44 V 17  6  0.9786  0.0171  0.0043 
   45 G 17  5  0.9947  0.0014  0.0038 
   46 D 17  6  0.9964  0.0020  0.0016 
   47 V 18  6  0.9925  0.0045  0.0030 
   48 L 18  6  0.9963  0.0014  0.0024 
   49 R 18  6  0.9976  0.0002  0.0022 
   50 S 18  6  0.9973  0.0004  0.0024 
   51 L 18  6  0.9977  0.0001  0.0022 
   52 E 18  6  0.9954  0.0018  0.0028 
   53 A 18  6  0.9976  0.0000  0.0024 
   54 E 18  6  0.9962  0.0023  0.0015 
   55 Y 18  6  0.0697  0.9177  0.0126 
   56 D 17  6  0.9750  0.0222  0.0028 
   57 G 17  5  0.9158  0.0343  0.0499 
   58 L 17  6  0.9999  0.0001  0.0000 
   59 A 17  6  0.0500  0.9500  0.0000 
   60 G 17  5  0.0894  0.0000  0.9106 
   61 R 17  6  0.0000  1.0000  0.0000 
   62 L 18  6  0.2448  0.7341  0.0211 
   63 I 18  6  0.0000  0.9951  0.0049 
   64 E 18  6  0.0110  0.9504  0.0386 
   65 D 17  6  0.0000  0.0000  1.0000 
   66 G 17  5  0.0127  0.0693  0.9180 
   67 E 17  6  0.0000  0.9804  0.0196 
   68 V 16  6  0.9707  0.0173  0.0120 
   69 K 14  4  0.4061  0.5511  0.0428 
   70 P 14  4  0.9575  0.0425  0.0000 
   71 H 16  6  0.0421  0.0160  0.9419 
   72 V 18  6  0.0000  1.0000  0.0000 
   73 N 18  6  0.0084  0.9906  0.0010 
   74 V 18  6  0.0061  0.9927  0.0012 
   75 L 18  6  0.0072  0.9917  0.0011 
   76 K 18  6  0.0136  0.9497  0.0367 
   77 N 17  6  0.0000  0.0000  1.0000 
   78 G 17  5  0.0038  0.0646  0.9316 
   79 R 17  6  0.0000  1.0000  0.0000 
   80 E 18  6  0.1088  0.8752  0.0160 
   81 V 18  6  0.9863  0.0099  0.0039 
   82 V 18  6  0.9977  0.0003  0.0020 
   83 H 18  6  0.9988  0.0000  0.0012 
   84 L 18  6  0.0071  0.9884  0.0045 
   85 D 17  6  0.0118  0.9882  0.0000 
   86 G 17  5  0.0000  0.8919  0.1081 
   87 M 17  6  0.9609  0.0391  0.0000 
   88 A 18  6  0.7321  0.2447  0.0232 
   89 T 18  6  0.9874  0.0126  0.0000 
   90 A 18  6  0.9177  0.0395  0.0429 
   91 L 18  6  0.0014  0.9956  0.0030 
   92 D 18  6  0.0012  0.9988  0.0000 
   93 D 17  6  0.0493  0.9066  0.0441 
   94 G 17  5  0.0000  0.0262  0.9738 
   95 D 17  6  0.1087  0.8913  0.0000 
   96 A 18  6  0.0000  0.9967  0.0033 
   97 V 18  6  0.0086  0.9899  0.0015 
   98 S 18  6  0.0063  0.9922  0.0015 
   99 V 16  6  0.0094  0.9898  0.0008 
  100 F 10  4  0.0005  0.9974  0.0020 
  101 P  8  0  0.0180  0.9820  0.0000 
  102 P 10  4  0.0837  0.9163  0.0000 
  103 V 16  6  0.0407  0.9593  0.0000 
  104 A 17  6  0.0638  0.9360  0.0002 
  105 G 14  5  0.4244  0.2634  0.3122 
  106 G  8  3  0.3965  0.5403  0.0632 
